0.39726,0.58317,0.75734,0.88454,0.94129,0.95695,0.97652,0.9863,0.99217,0.99413,0.99413,0.99413,0.99804,0.99804,0.99804,0.99804,0.99804,1,1,1,1,1,1,1,1,1,1,1,1,1,1,1,1,1,1,1,1,1,1
0.16667,0.39236,0.66493,0.8559,0.94792,0.96354,0.97743,0.98785,0.99653,0.99826,0.99826,0.99826,0.99826,0.99826,1,1,1,1,1,1,1,1,1,1,1,1,1,1,1,1,1,1,1,1,1,1,1,1,1
0.073365,0.21372,0.51675,0.77033,0.9051,0.95136,0.98006,0.98565,0.99043,0.99601,0.99681,0.99841,0.9992,1,1,1,1,1,1,1,1,1,1,1,1,1,1,1,1,1,1,1,1,1,1,1,1,1,1
0.034584,0.090856,0.26905,0.57093,0.82591,0.90914,0.96014,0.97831,0.99062,0.99414,0.99824,0.99941,1,1,1,1,1,1,1,1,1,1,1,1,1,1,1,1,1,1,1,1,1,1,1,1,1,1,1
0.019358,0.041076,0.13267,0.32767,0.64731,0.82153,0.9221,0.95892,0.98159,0.99056,0.99433,0.99622,0.99906,0.99906,0.99906,0.99953,1,1,1,1,1,1,1,1,1,1,1,1,1,1,1,1,1,1,1,1,1,1,1
0.0043641,0.014963,0.05985,0.14963,0.38716,0.61908,0.80112,0.90461,0.95387,0.97319,0.98691,0.9919,0.99564,0.99626,0.99813,0.99875,0.99875,1,1,1,1,1,1,1,1,1,1,1,1,1,1,1,1,1,1,1,1,1,1
0.0026752,0.0064205,0.023542,0.065811,0.17068,0.33547,0.59765,0.78545,0.89888,0.95238,0.97646,0.98555,0.99358,0.99572,0.99786,0.99839,0.99893,0.99893,0.99946,0.99946,0.99946,0.99946,0.99946,0.99946,0.99946,0.99946,1,1,1,1,1,1,1,1,1,1,1,1,1
0.0030488,0.0060976,0.014634,0.031707,0.087805,0.19146,0.37439,0.56524,0.78171,0.89329,0.94817,0.97195,0.9878,0.99207,0.99512,0.99695,0.99756,0.99817,0.99878,0.99939,0.99939,0.99939,0.99939,0.99939,1,1,1,1,1,1,1,1,1,1,1,1,1,1,1
0.0010336,0.0010336,0.0031008,0.01292,0.034109,0.089922,0.21499,0.38656,0.62687,0.78088,0.90956,0.96021,0.97984,0.98863,0.99328,0.99432,0.99587,0.99742,0.99793,0.99897,0.99948,0.99948,1,1,1,1,1,1,1,1,1,1,1,1,1,1,1,1,1
0,0.0012232,0.004893,0.011621,0.01896,0.036086,0.097859,0.20245,0.40122,0.61651,0.81223,0.90336,0.95229,0.97798,0.98899,0.99388,0.99694,0.99939,0.99939,0.99939,1,1,1,1,1,1,1,1,1,1,1,1,1,1,1,1,1,1,1
0.00055463,0.00055463,0.0016639,0.0033278,0.012757,0.021631,0.049362,0.10205,0.22518,0.39989,0.63561,0.80144,0.91181,0.95729,0.9817,0.98946,0.99445,0.99778,0.99834,0.99834,0.99889,0.99945,0.99945,0.99945,0.99945,1,1,1,1,1,1,1,1,1,1,1,1,1,1
0,0,0,0,0.0035765,0.0071531,0.016452,0.04721,0.12089,0.24106,0.43777,0.64735,0.81187,0.89986,0.95565,0.97711,0.98927,0.99142,0.99642,0.99714,0.99928,0.99928,1,1,1,1,1,1,1,1,1,1,1,1,1,1,1,1,1
0,0,0,0.00069013,0.0034507,0.0069013,0.013803,0.027605,0.060041,0.11732,0.25604,0.40925,0.64941,0.80331,0.90959,0.95445,0.97861,0.99103,0.99586,0.99931,0.99931,1,1,1,1,1,1,1,1,1,1,1,1,1,1,1,1,1,1
0,0,0,0.00093458,0.0018692,0.0028037,0.0065421,0.016822,0.03271,0.061682,0.13178,0.24766,0.44486,0.64112,0.81682,0.89907,0.96355,0.98224,0.99159,0.99346,0.99626,0.99813,0.99907,0.99907,0.99907,0.99907,0.99907,0.99907,1,1,1,1,1,1,1,1,1,1,1
0,0,0,0,0.00083195,0.0041597,0.0066556,0.0099834,0.023295,0.034942,0.069884,0.12895,0.2579,0.40516,0.63894,0.797,0.91597,0.95757,0.98087,0.98918,0.99667,0.99667,0.99917,1,1,1,1,1,1,1,1,1,1,1,1,1,1,1,1
0,0,0,0.0011481,0.0022962,0.0022962,0.0091848,0.012629,0.017222,0.028703,0.055109,0.095293,0.17566,0.28358,0.4845,0.66361,0.85075,0.91619,0.9667,0.98393,0.99426,0.9977,0.99885,1,1,1,1,1,1,1,1,1,1,1,1,1,1,1,1
0,0,0,0,0.0010741,0.0010741,0.0032223,0.0032223,0.0053706,0.011815,0.022556,0.047261,0.079484,0.14178,0.29431,0.47476,0.69817,0.82707,0.93233,0.971,0.98818,0.99356,0.99678,0.99893,0.99893,1,1,1,1,1,1,1,1,1,1,1,1,1,1
0,0,0,0,0,0,0,0.0035651,0.0071301,0.016043,0.016043,0.024955,0.044563,0.067736,0.16399,0.29947,0.51159,0.67023,0.85027,0.918,0.95722,0.98574,0.99465,0.99643,0.99822,1,1,1,1,1,1,1,1,1,1,1,1,1,1
0,0,0,0,0,0,0.0017544,0.0035088,0.0052632,0.010526,0.017544,0.024561,0.047368,0.064912,0.10351,0.17193,0.32632,0.50351,0.71754,0.8386,0.94561,0.97368,0.98596,0.98947,0.99298,0.99649,0.99825,0.99825,1,1,1,1,1,1,1,1,1,1,1
0,0,0,0,0,0,0,0,0.0029851,0.0029851,0.0059701,0.0089552,0.014925,0.026866,0.062687,0.10149,0.19701,0.29851,0.49851,0.65075,0.8209,0.89552,0.97313,0.99104,0.99701,0.99701,0.99701,0.99701,0.99701,1,1,1,1,1,1,1,1,1,1
0,0,0,0,0,0,0.0028986,0.0028986,0.0028986,0.0028986,0.0057971,0.0086957,0.014493,0.023188,0.043478,0.075362,0.12754,0.2087,0.37101,0.51014,0.68406,0.7942,0.86377,0.93913,0.97391,0.9913,0.9971,0.9971,0.9971,1,1,1,1,1,1,1,1,1,1
0,0,0,0,0,0,0,0,0.0048544,0.0048544,0.0048544,0.0048544,0.0048544,0.0097087,0.033981,0.048544,0.082524,0.12136,0.19903,0.33981,0.5534,0.71845,0.84951,0.92233,0.96117,0.99029,0.99515,0.99515,0.99515,1,1,1,1,1,1,1,1,1,1
0,0,0,0,0,0,0.0057471,0.0057471,0.0057471,0.0057471,0.017241,0.022989,0.028736,0.028736,0.028736,0.04023,0.063218,0.13218,0.17241,0.25287,0.43103,0.5977,0.77011,0.87931,0.95402,0.96552,0.98276,0.98851,0.99425,1,1,1,1,1,1,1,1,1,1
0,0,0,0,0,0,0,0,0,0,0,0,0.015625,0.023438,0.023438,0.023438,0.046875,0.085938,0.10938,0.16406,0.25781,0.39063,0.5625,0.72656,0.86719,0.90625,0.95313,0.96875,0.99219,1,1,1,1,1,1,1,1,1,1
0,0,0,0,0,0,0,0,0,0,0,0,0,0,0,0,0.021053,0.042105,0.042105,0.073684,0.13684,0.23158,0.35789,0.54737,0.70526,0.82105,0.91579,0.93684,0.97895,0.98947,1,1,1,1,1,1,1,1,1
0,0,0,0,0,0,0,0,0,0.016393,0.016393,0.016393,0.032787,0.032787,0.032787,0.04918,0.081967,0.081967,0.081967,0.11475,0.14754,0.2623,0.36066,0.44262,0.59016,0.7377,0.78689,0.83607,0.93443,0.96721,0.96721,0.98361,1,1,1,1,1,1,1
0,0,0,0,0,0,0,0,0,0,0,0,0,0,0,0,0,0,0,0.046512,0.093023,0.18605,0.23256,0.4186,0.5814,0.65116,0.81395,0.90698,0.95349,0.95349,1,1,1,1,1,1,1,1,1
0,0,0,0,0,0,0,0,0,0,0,0,0,0,0,0,0,0,0,0,0.13793,0.13793,0.17241,0.2069,0.34483,0.44828,0.62069,0.7931,0.82759,0.86207,0.89655,0.93103,0.96552,1,1,1,1,1,1
0,0,0,0,0,0,0,0,0,0,0,0,0,0,0,0,0,0,0,0,0.037037,0.037037,0.074074,0.11111,0.18519,0.44444,0.55556,0.77778,0.85185,0.92593,0.92593,0.92593,0.96296,0.96296,1,1,1,1,1
0,0,0,0,0,0,0,0,0,0,0,0,0,0,0,0,0,0,0,0,0,0,0,0.083333,0.16667,0.41667,0.41667,0.66667,0.75,0.83333,0.91667,0.91667,1,1,1,1,1,1,1
0,0,0,0,0,0,0,0,0,0,0,0,0,0,0,0,0,0,0,0,0,0,0.16667,0.16667,0.16667,0.33333,0.33333,0.33333,0.33333,0.33333,0.5,0.83333,0.83333,0.83333,1,1,1,1,1
0,0,0,0,0,0,0,0,0,0,0,0,0,0,0,0,0,0,0,0,0.11111,0.11111,0.11111,0.11111,0.11111,0.11111,0.22222,0.33333,0.55556,0.55556,0.55556,0.88889,1,1,1,1,1,1,1
0,0,0,0,0,0,0,0,0,0,0,0,0,0,0,0,0,0,0,0,0,0,0,0,0,0,0,0.2,0.6,0.6,0.6,0.6,0.6,0.6,1,1,1,1,1
0,0,0,0,0,0,0,0,0,0,0,0,0,0,0,0,0,0,0,0,0,0,0,0,0,0,0,0,1,1,1,1,1,1,1,1,1,1,1
0,0,0,0,0,0,0,0,0,0,0,0,0,0,0,0,0,0,0,0,0,0,0,0,0,0,0.2,0.4,0.4,0.4,0.4,0.8,0.8,0.8,0.8,0.8,0.8,1,1
0,0,0,0,0,0,0,0,0,0,0,0,0,0,0,0,0,0,0,0,0,0,0,0,0,0,0,0,0,0,0,0,0,0,1,1,1,1,1
NaN,NaN,NaN,NaN,NaN,NaN,NaN,NaN,NaN,NaN,NaN,NaN,NaN,NaN,NaN,NaN,NaN,NaN,NaN,NaN,NaN,NaN,NaN,NaN,NaN,NaN,NaN,NaN,NaN,NaN,NaN,NaN,NaN,NaN,NaN,NaN,NaN,NaN,NaN
0,0,0,0,0,0,0,0,0,0,0,0,0,0,0,0,0,0,0,0,0,0,0,0,0,0,0,0,0,0,0,0,0,0,0,1,1,1,1
NaN,NaN,NaN,NaN,NaN,NaN,NaN,NaN,NaN,NaN,NaN,NaN,NaN,NaN,NaN,NaN,NaN,NaN,NaN,NaN,NaN,NaN,NaN,NaN,NaN,NaN,NaN,NaN,NaN,NaN,NaN,NaN,NaN,NaN,NaN,NaN,NaN,NaN,NaN
