0.44796,0.56787,0.77828,0.89593,0.94118,0.96606,0.99095,0.99548,0.99774,0.99774,1,1,1,1,1,1,1,1,1,1,1,1,1,1,1,1,1,1,1,1,1,1,1,1,1,1,1,1,1
0.15764,0.3867,0.64532,0.80542,0.90887,0.9532,0.98276,0.98522,0.99015,0.99261,0.99507,0.99507,0.99507,0.99754,0.99754,1,1,1,1,1,1,1,1,1,1,1,1,1,1,1,1,1,1,1,1,1,1,1,1
0.080116,0.20367,0.52413,0.75579,0.88224,0.93919,0.97008,0.97876,0.98842,0.99131,0.99614,0.99614,0.99807,0.99807,0.99807,0.99807,0.99807,0.99807,0.99807,0.99903,0.99903,0.99903,0.99903,0.99903,1,1,1,1,1,1,1,1,1,1,1,1,1,1,1
0.038519,0.087407,0.26741,0.55852,0.81481,0.89926,0.95556,0.97481,0.98444,0.99037,0.99333,0.99481,0.99556,0.9963,0.99704,0.99852,0.99926,1,1,1,1,1,1,1,1,1,1,1,1,1,1,1,1,1,1,1,1,1,1
0.013801,0.033928,0.12478,0.30707,0.61127,0.79643,0.90397,0.94595,0.97585,0.9862,0.99252,0.99482,0.99712,0.99885,0.99885,0.99885,0.99942,1,1,1,1,1,1,1,1,1,1,1,1,1,1,1,1,1,1,1,1,1,1
0.007874,0.017717,0.055774,0.15157,0.35827,0.58268,0.771,0.86942,0.93963,0.96457,0.979,0.9895,0.99475,0.99672,0.99738,0.99803,0.99803,0.99803,0.99803,0.99869,1,1,1,1,1,1,1,1,1,1,1,1,1,1,1,1,1,1,1
0.0029155,0.0087464,0.023324,0.062974,0.17201,0.35452,0.58484,0.75219,0.87755,0.93411,0.96968,0.98659,0.99067,0.99359,0.9965,0.99825,1,1,1,1,1,1,1,1,1,1,1,1,1,1,1,1,1,1,1,1,1,1,1
0.0020478,0.003413,0.012969,0.034812,0.093515,0.20341,0.40205,0.60614,0.79317,0.89829,0.94881,0.96792,0.98362,0.98771,0.99386,0.99386,0.9959,0.99727,0.99863,1,1,1,1,1,1,1,1,1,1,1,1,1,1,1,1,1,1,1,1
0.00058411,0.0017523,0.0035047,0.013435,0.042056,0.094042,0.22371,0.39836,0.61565,0.76986,0.88143,0.93341,0.96846,0.98131,0.98832,0.99357,0.99591,0.99708,0.99825,1,1,1,1,1,1,1,1,1,1,1,1,1,1,1,1,1,1,1,1
0,0,0.0014134,0.0056537,0.016254,0.045936,0.11095,0.22191,0.40707,0.61908,0.78092,0.87845,0.93852,0.96466,0.98587,0.99576,0.99717,0.99929,0.99929,1,1,1,1,1,1,1,1,1,1,1,1,1,1,1,1,1,1,1,1
0,0,0.0013072,0.0045752,0.0078431,0.022876,0.062092,0.11699,0.25098,0.40523,0.59477,0.75294,0.87647,0.9281,0.96667,0.9817,0.9902,0.99412,0.99542,0.99608,0.99739,0.99869,0.99935,0.99935,1,1,1,1,1,1,1,1,1,1,1,1,1,1,1
0.00077459,0.00077459,0.0023238,0.0046476,0.01007,0.024012,0.03718,0.062742,0.12316,0.22541,0.41286,0.60186,0.78079,0.88381,0.9481,0.97366,0.99148,0.99613,0.99923,0.99923,1,1,1,1,1,1,1,1,1,1,1,1,1,1,1,1,1,1,1
0,0,0,0.0020675,0.0055134,0.0068918,0.020675,0.035837,0.074431,0.12819,0.26947,0.43349,0.643,0.78567,0.89042,0.9366,0.97657,0.98828,0.99518,0.99793,0.99793,0.99862,0.99931,0.99931,1,1,1,1,1,1,1,1,1,1,1,1,1,1,1
0,0.00086356,0.00086356,0.0017271,0.0025907,0.0060449,0.010363,0.018998,0.040587,0.067358,0.14508,0.24352,0.42746,0.60017,0.77202,0.89033,0.94387,0.96978,0.98877,0.99568,0.99741,0.99827,0.99914,1,1,1,1,1,1,1,1,1,1,1,1,1,1,1,1
0,0,0,0,0.00079872,0.0039936,0.0055911,0.011182,0.025559,0.047923,0.091054,0.14936,0.28355,0.44409,0.60863,0.77236,0.87859,0.93051,0.96565,0.98802,0.99441,0.9976,0.9984,0.9992,1,1,1,1,1,1,1,1,1,1,1,1,1,1,1
0,0,0,0,0,0.00096899,0.002907,0.005814,0.010659,0.020349,0.036822,0.068798,0.14826,0.25775,0.46899,0.64535,0.80233,0.87791,0.94089,0.97287,0.99031,0.99322,0.99612,0.99903,0.99903,1,1,1,1,1,1,1,1,1,1,1,1,1,1
0,0.00093809,0.00093809,0.00093809,0.00093809,0.0018762,0.0037523,0.0046904,0.010319,0.015947,0.026266,0.045028,0.082552,0.15291,0.29925,0.44371,0.64165,0.79362,0.9137,0.96341,0.9803,0.98968,0.99625,0.99719,0.99906,0.99906,1,1,1,1,1,1,1,1,1,1,1,1,1
0,0,0,0.00125,0.0025,0.00375,0.00375,0.00375,0.0075,0.0125,0.01875,0.02875,0.0475,0.0875,0.1575,0.25875,0.4425,0.625,0.795,0.88875,0.9575,0.97625,0.99,0.995,1,1,1,1,1,1,1,1,1,1,1,1,1,1,1
0,0,0,0,0,0,0,0.0035253,0.0070505,0.011751,0.018801,0.025852,0.037603,0.058754,0.096357,0.17274,0.33725,0.49824,0.6839,0.81199,0.90364,0.95065,0.98472,0.99295,0.99647,1,1,1,1,1,1,1,1,1,1,1,1,1,1
0,0,0,0,0,0,0,0,0.005102,0.0068027,0.013605,0.017007,0.02381,0.044218,0.076531,0.12245,0.19388,0.31803,0.48469,0.61395,0.78061,0.88776,0.94388,0.97279,0.9915,0.9966,0.9983,0.9983,1,1,1,1,1,1,1,1,1,1,1
0,0,0,0,0.0017637,0.0017637,0.0017637,0.0035273,0.005291,0.010582,0.015873,0.0194,0.022928,0.031746,0.042328,0.068783,0.12875,0.2134,0.37213,0.55908,0.73545,0.86067,0.93122,0.97178,0.98589,0.99295,0.99824,1,1,1,1,1,1,1,1,1,1,1,1
0,0,0,0,0,0,0,0,0,0,0.0026247,0.0026247,0.0026247,0.0052493,0.018373,0.028871,0.049869,0.081365,0.2021,0.32546,0.54068,0.66929,0.83727,0.88976,0.94488,0.97375,0.98688,0.99213,0.99213,0.99213,0.99475,0.99738,1,1,1,1,1,1,1
0,0,0,0,0,0,0,0,0,0,0,0.0028249,0.0084746,0.014124,0.019774,0.033898,0.056497,0.070621,0.12429,0.17797,0.31921,0.49153,0.66384,0.78531,0.9209,0.9548,0.98588,0.99153,0.99718,1,1,1,1,1,1,1,1,1,1
0,0,0,0,0,0,0,0,0,0,0.005102,0.005102,0.005102,0.005102,0.005102,0.010204,0.020408,0.020408,0.086735,0.13265,0.2449,0.37755,0.59184,0.71939,0.84184,0.90816,0.96939,0.98469,0.9898,0.9949,0.9949,1,1,1,1,1,1,1,1
0,0,0.0046296,0.0046296,0.0046296,0.0046296,0.0046296,0.0046296,0.0046296,0.0046296,0.0046296,0.0092593,0.0092593,0.013889,0.013889,0.013889,0.027778,0.050926,0.078704,0.12037,0.18519,0.26389,0.42593,0.52315,0.64815,0.80556,0.90741,0.98611,0.99074,0.99074,1,1,1,1,1,1,1,1,1
0,0,0,0,0,0,0,0,0,0.0076923,0.0076923,0.0076923,0.0076923,0.0076923,0.0076923,0.015385,0.023077,0.023077,0.053846,0.069231,0.10769,0.18462,0.27692,0.37692,0.55385,0.67692,0.82308,0.90769,0.95385,0.96923,0.98462,0.98462,0.98462,1,1,1,1,1,1
0,0,0,0,0,0,0,0,0,0,0,0,0,0,0.017094,0.017094,0.025641,0.034188,0.042735,0.051282,0.12821,0.16239,0.22222,0.30769,0.47863,0.63248,0.76923,0.91453,0.99145,0.99145,1,1,1,1,1,1,1,1,1
0,0,0,0,0,0,0,0,0,0,0.027027,0.027027,0.027027,0.027027,0.027027,0.040541,0.040541,0.040541,0.040541,0.040541,0.054054,0.081081,0.12162,0.18919,0.37838,0.47297,0.66216,0.7973,0.87838,0.94595,1,1,1,1,1,1,1,1,1
0,0,0,0,0,0,0,0,0,0,0,0,0,0,0,0,0.078947,0.078947,0.078947,0.078947,0.10526,0.10526,0.15789,0.18421,0.31579,0.42105,0.60526,0.68421,0.73684,0.84211,0.97368,1,1,1,1,1,1,1,1
0,0,0,0,0,0,0,0,0,0,0,0,0,0,0,0,0,0,0.041667,0.041667,0.041667,0.041667,0.041667,0.041667,0.083333,0.125,0.20833,0.375,0.66667,0.875,0.95833,1,1,1,1,1,1,1,1
0,0,0,0,0,0,0,0,0,0,0,0,0,0,0,0,0,0,0,0,0,0.043478,0.086957,0.086957,0.086957,0.13043,0.17391,0.26087,0.30435,0.47826,0.6087,0.73913,0.91304,0.95652,0.95652,0.95652,0.95652,0.95652,1
0,0,0,0,0,0,0,0,0,0,0,0,0,0,0,0,0,0,0,0,0,0,0,0,0.071429,0.14286,0.28571,0.28571,0.42857,0.5,0.57143,0.78571,0.92857,0.92857,0.92857,1,1,1,1
0,0,0,0,0,0,0,0,0,0,0,0,0,0,0,0,0,0,0,0,0,0,0,0,0,0.1,0.2,0.3,0.3,0.4,0.4,0.5,0.7,0.9,0.9,1,1,1,1
0,0,0,0,0,0,0,0,0,0,0,0,0,0,0,0,0,0,0,0,0,0,0,0,0,0,0,0.2,0.2,0.2,0.4,0.8,0.8,0.8,0.8,0.8,0.8,1,1
NaN,NaN,NaN,NaN,NaN,NaN,NaN,NaN,NaN,NaN,NaN,NaN,NaN,NaN,NaN,NaN,NaN,NaN,NaN,NaN,NaN,NaN,NaN,NaN,NaN,NaN,NaN,NaN,NaN,NaN,NaN,NaN,NaN,NaN,NaN,NaN,NaN,NaN,NaN
0,0,0,0,0,0,0,0,0,0,0,0,0,0,0,0,0,0,0,0,0,0,0,0,0,0,0,0,0,0,0.5,1,1,1,1,1,1,1,1
NaN,NaN,NaN,NaN,NaN,NaN,NaN,NaN,NaN,NaN,NaN,NaN,NaN,NaN,NaN,NaN,NaN,NaN,NaN,NaN,NaN,NaN,NaN,NaN,NaN,NaN,NaN,NaN,NaN,NaN,NaN,NaN,NaN,NaN,NaN,NaN,NaN,NaN,NaN
0,0,0,0,0,0,0,0,0,0,0,0,0,0,0,0,0,0,0,0,0,0,0,1,1,1,1,1,1,1,1,1,1,1,1,1,1,1,1
0,0,0,0,0,0,0,0,0,0,0,0,0,0,0,0,0,0,0,0,0,0,0,0,0,0,0,0,0,0,0,0,1,1,1,1,1,1,1
