0.47604,0.61669,0.76507,0.85935,0.92581,0.95363,0.97218,0.98145,0.99073,0.99382,0.99536,1,1,1,1,1,1,1,1,1,1,1,1,1,1,1,1,1,1,1,1,1,1,1,1,1,1,1,1
0.21918,0.40313,0.69276,0.84344,0.90998,0.9589,0.97065,0.97652,0.98826,0.98826,0.99413,0.99804,1,1,1,1,1,1,1,1,1,1,1,1,1,1,1,1,1,1,1,1,1,1,1,1,1,1,1
0.084367,0.21505,0.50289,0.75931,0.89247,0.94045,0.96691,0.9818,0.98925,0.99338,0.99504,0.99669,0.99917,0.99917,0.99917,1,1,1,1,1,1,1,1,1,1,1,1,1,1,1,1,1,1,1,1,1,1,1,1
0.039456,0.09932,0.30748,0.56803,0.79728,0.8966,0.94966,0.97143,0.98912,0.99184,0.99456,0.99592,0.99728,0.99728,0.99864,1,1,1,1,1,1,1,1,1,1,1,1,1,1,1,1,1,1,1,1,1,1,1,1
0.020789,0.047974,0.14552,0.33422,0.62633,0.80224,0.91898,0.95522,0.97868,0.98721,0.99307,0.99627,0.9984,0.99947,0.99947,0.99947,1,1,1,1,1,1,1,1,1,1,1,1,1,1,1,1,1,1,1,1,1,1,1
0.0095117,0.02156,0.068484,0.15536,0.3773,0.58402,0.79391,0.89918,0.94864,0.9721,0.98161,0.99176,0.99429,0.9962,0.99873,1,1,1,1,1,1,1,1,1,1,1,1,1,1,1,1,1,1,1,1,1,1,1,1
0.0037736,0.0053908,0.025337,0.072776,0.19569,0.38437,0.6124,0.78221,0.89218,0.93639,0.96981,0.98275,0.99084,0.99461,0.9973,0.99892,0.99946,0.99946,1,1,1,1,1,1,1,1,1,1,1,1,1,1,1,1,1,1,1,1,1
0.0012698,0.0019048,0.0095238,0.029841,0.088889,0.19302,0.40444,0.61397,0.82095,0.90667,0.9619,0.98159,0.99556,0.99683,0.99937,0.99937,0.99937,1,1,1,1,1,1,1,1,1,1,1,1,1,1,1,1,1,1,1,1,1,1
0.001065,0.0026624,0.0042599,0.0090522,0.029819,0.074547,0.20075,0.377,0.61502,0.77742,0.90415,0.95208,0.97551,0.98616,0.99148,0.99468,0.9984,0.99894,0.99894,0.99947,0.99947,1,1,1,1,1,1,1,1,1,1,1,1,1,1,1,1,1,1
0,0,0,0.0044757,0.016624,0.036445,0.088875,0.18542,0.38555,0.58632,0.80371,0.90537,0.95908,0.97762,0.98977,0.99616,0.99808,1,1,1,1,1,1,1,1,1,1,1,1,1,1,1,1,1,1,1,1,1,1
0,0,0.0010455,0.0036592,0.0073183,0.017773,0.047047,0.10089,0.21955,0.40878,0.6482,0.81234,0.91898,0.95504,0.98066,0.99059,0.9953,0.99686,0.99843,0.99895,1,1,1,1,1,1,1,1,1,1,1,1,1,1,1,1,1,1,1
0.00064392,0.00064392,0.00064392,0.0025757,0.0070831,0.01159,0.021893,0.037347,0.10238,0.20026,0.40889,0.62073,0.80811,0.9105,0.96716,0.98777,0.99227,0.99549,0.99871,0.99936,0.99936,0.99936,0.99936,0.99936,0.99936,1,1,1,1,1,1,1,1,1,1,1,1,1,1
0,0.001269,0.001269,0.0031726,0.0050761,0.012056,0.022843,0.030457,0.059645,0.11294,0.24429,0.41624,0.64404,0.79569,0.90546,0.95495,0.98223,0.98921,0.99365,0.99683,0.99937,0.99937,1,1,1,1,1,1,1,1,1,1,1,1,1,1,1,1,1
0,0,0.0016892,0.0016892,0.0033784,0.004223,0.0092905,0.012669,0.030405,0.056588,0.125,0.25676,0.44257,0.64105,0.82517,0.91639,0.96537,0.98649,0.99409,0.99662,0.99831,0.99831,0.99916,0.99916,1,1,1,1,1,1,1,1,1,1,1,1,1,1,1
0,0,0,0.00073206,0.0036603,0.0058565,0.0065886,0.010981,0.019034,0.029283,0.062225,0.12958,0.26208,0.41801,0.65081,0.79722,0.91801,0.96633,0.98609,0.99341,0.99854,0.99927,0.99927,0.99927,1,1,1,1,1,1,1,1,1,1,1,1,1,1,1
0,0.0010352,0.0010352,0.0010352,0.0031056,0.0062112,0.0082816,0.0093168,0.016563,0.02381,0.048654,0.082816,0.15631,0.25052,0.46894,0.66253,0.84161,0.92236,0.96998,0.98965,0.99689,0.99896,1,1,1,1,1,1,1,1,1,1,1,1,1,1,1,1,1
0,0,0,0,0,0,0.0010246,0.0030738,0.005123,0.012295,0.014344,0.025615,0.066598,0.13422,0.29508,0.47029,0.68443,0.81045,0.91393,0.95799,0.98668,0.99385,0.9959,0.9959,1,1,1,1,1,1,1,1,1,1,1,1,1,1,1
0,0,0,0.0015385,0.0015385,0.0015385,0.0046154,0.0061538,0.0092308,0.010769,0.013846,0.026154,0.043077,0.076923,0.16615,0.28769,0.50615,0.67846,0.83231,0.92308,0.95846,0.97846,0.99077,0.99538,0.99692,0.99846,0.99846,0.99846,0.99846,0.99846,1,1,1,1,1,1,1,1,1
0,0,0,0,0,0,0,0,0.0034188,0.008547,0.015385,0.015385,0.034188,0.061538,0.10769,0.1812,0.3453,0.53846,0.72821,0.84103,0.93333,0.96068,0.97778,0.98974,0.99487,0.99487,0.99658,1,1,1,1,1,1,1,1,1,1,1,1
0,0,0,0,0,0,0,0,0,0,0.0027397,0.0027397,0.013699,0.030137,0.063014,0.10411,0.18082,0.37534,0.59726,0.72877,0.84932,0.92877,0.96164,0.99452,1,1,1,1,1,1,1,1,1,1,1,1,1,1,1
0,0,0,0,0,0,0,0,0.0030769,0.0061538,0.0092308,0.015385,0.024615,0.036923,0.052308,0.083077,0.14154,0.21846,0.35385,0.48615,0.68308,0.82462,0.91692,0.93846,0.97846,0.99077,1,1,1,1,1,1,1,1,1,1,1,1,1
0,0,0,0.0044444,0.0044444,0.0044444,0.0044444,0.0044444,0.0044444,0.0044444,0.0088889,0.017778,0.026667,0.026667,0.044444,0.044444,0.08,0.10222,0.21333,0.37333,0.53333,0.71556,0.85778,0.92889,0.96,0.98667,0.98667,0.99556,1,1,1,1,1,1,1,1,1,1,1
0,0,0,0,0,0,0,0,0,0,0,0,0,0,0,0,0.026455,0.042328,0.1164,0.19048,0.31746,0.53439,0.75132,0.85714,0.93651,0.97354,0.98942,0.99471,0.99471,1,1,1,1,1,1,1,1,1,1
0,0,0,0,0,0,0,0,0,0,0,0.0093458,0.0093458,0.0093458,0.0093458,0.0093458,0.018692,0.037383,0.093458,0.14953,0.29907,0.42991,0.60748,0.71028,0.85981,0.91589,0.96262,0.97196,0.99065,1,1,1,1,1,1,1,1,1,1
0,0,0,0,0,0,0,0,0,0,0,0,0,0.0089286,0.017857,0.017857,0.017857,0.017857,0.035714,0.0625,0.15179,0.24107,0.38393,0.55357,0.73214,0.875,0.91964,0.97321,0.98214,0.99107,0.99107,0.99107,1,1,1,1,1,1,1
0,0,0,0,0,0,0,0,0,0,0,0,0,0,0,0,0,0.030303,0.060606,0.10606,0.15152,0.19697,0.31818,0.40909,0.57576,0.71212,0.83333,0.89394,0.93939,0.98485,0.98485,1,1,1,1,1,1,1,1
0,0,0,0,0,0,0,0,0,0,0,0,0,0,0,0,0.02381,0.02381,0.02381,0.071429,0.071429,0.071429,0.14286,0.2619,0.35714,0.5,0.64286,0.7619,0.80952,0.85714,0.95238,0.95238,0.97619,0.97619,1,1,1,1,1
0,0,0,0,0,0,0,0,0,0,0,0,0,0,0,0,0,0.027778,0.027778,0.055556,0.055556,0.055556,0.13889,0.13889,0.36111,0.55556,0.61111,0.75,0.86111,0.94444,1,1,1,1,1,1,1,1,1
0,0,0,0,0,0,0,0,0,0,0,0,0,0,0,0,0,0,0,0,0.04,0.08,0.12,0.12,0.2,0.32,0.44,0.72,0.96,0.96,1,1,1,1,1,1,1,1,1
0,0,0,0,0,0,0,0,0,0,0,0,0,0,0,0,0,0,0.066667,0.13333,0.13333,0.13333,0.2,0.2,0.4,0.4,0.53333,0.66667,0.73333,0.93333,0.93333,0.93333,0.93333,1,1,1,1,1,1
0,0,0,0,0,0,0,0,0,0,0,0,0,0,0,0,0,0,0,0,0,0,0,0.090909,0.090909,0.090909,0.45455,0.45455,0.72727,0.81818,0.81818,0.90909,0.90909,0.90909,1,1,1,1,1
0,0,0,0,0,0,0,0,0,0,0,0,0,0,0,0,0,0,0,0,0,0,0,0,0,0,0,0.2,0.4,0.4,0.8,1,1,1,1,1,1,1,1
0,0,0,0,0,0,0,0,0,0,0,0,0,0,0,0,0,0,0,0,0,0,0,0,0,0,0,0,0,0,0.5,1,1,1,1,1,1,1,1
0,0,0,0,0,0,0,0,0,0,0,0,0,0,0,0,0,0,0,0,0,0,0,0,0.5,0.5,0.5,0.5,0.5,0.5,0.5,0.5,0.5,0.5,1,1,1,1,1
0,0,0,0,0,0,0,0,0,0,0,0,0,0,0,0,0,0,0,0,0,0,0,0,0,0,0,0,0.33333,0.33333,0.33333,0.66667,0.66667,1,1,1,1,1,1
NaN,NaN,NaN,NaN,NaN,NaN,NaN,NaN,NaN,NaN,NaN,NaN,NaN,NaN,NaN,NaN,NaN,NaN,NaN,NaN,NaN,NaN,NaN,NaN,NaN,NaN,NaN,NaN,NaN,NaN,NaN,NaN,NaN,NaN,NaN,NaN,NaN,NaN,NaN
NaN,NaN,NaN,NaN,NaN,NaN,NaN,NaN,NaN,NaN,NaN,NaN,NaN,NaN,NaN,NaN,NaN,NaN,NaN,NaN,NaN,NaN,NaN,NaN,NaN,NaN,NaN,NaN,NaN,NaN,NaN,NaN,NaN,NaN,NaN,NaN,NaN,NaN,NaN
NaN,NaN,NaN,NaN,NaN,NaN,NaN,NaN,NaN,NaN,NaN,NaN,NaN,NaN,NaN,NaN,NaN,NaN,NaN,NaN,NaN,NaN,NaN,NaN,NaN,NaN,NaN,NaN,NaN,NaN,NaN,NaN,NaN,NaN,NaN,NaN,NaN,NaN,NaN
NaN,NaN,NaN,NaN,NaN,NaN,NaN,NaN,NaN,NaN,NaN,NaN,NaN,NaN,NaN,NaN,NaN,NaN,NaN,NaN,NaN,NaN,NaN,NaN,NaN,NaN,NaN,NaN,NaN,NaN,NaN,NaN,NaN,NaN,NaN,NaN,NaN,NaN,NaN
